{
 "cells": [
  {
   "cell_type": "code",
   "execution_count": 1,
   "id": "b3df2367",
   "metadata": {},
   "outputs": [],
   "source": [
    "from pyscf import gto,scf\n",
    "import numpy as np\n",
    "import matplotlib.pyplot as plt\n",
    "from FcMole import *"
   ]
  },
  {
   "cell_type": "code",
   "execution_count": 2,
   "id": "4585547d",
   "metadata": {},
   "outputs": [],
   "source": [
    "CO=gto.M(atom=\"C 0 0 0; O 0 0 2 \",unit=\"Bohr\", basis=\"sto-3g\")"
   ]
  },
  {
   "cell_type": "code",
   "execution_count": 3,
   "id": "f8e47ad0",
   "metadata": {},
   "outputs": [
    {
     "name": "stdout",
     "output_type": "stream",
     "text": [
      "converged SCF energy = -111.621701280109\n",
      "CPU times: user 7.02 s, sys: 187 ms, total: 7.21 s\n",
      "Wall time: 210 ms\n"
     ]
    },
    {
     "data": {
      "text/plain": [
       "-111.62170128010851"
      ]
     },
     "execution_count": 3,
     "metadata": {},
     "output_type": "execute_result"
    }
   ],
   "source": [
    "%%time\n",
    "mf=scf.RKS(CO)\n",
    "mf.xc=\"PBE0\"\n",
    "mf.scf()"
   ]
  },
  {
   "cell_type": "code",
   "execution_count": 4,
   "id": "f5cf4f1d",
   "metadata": {},
   "outputs": [],
   "source": [
    "#CO1=FcM_like(CO,fcs=[.01,0])\n",
    "#mf1=scf.RKS(CO1)\n",
    "#mf1.xc=\"PBE0\"\n",
    "#mf1.scf(dm0=P0)\n",
    "#P1=mf1.make_rdm1()"
   ]
  },
  {
   "cell_type": "code",
   "execution_count": 5,
   "id": "15760318",
   "metadata": {},
   "outputs": [
    {
     "name": "stdout",
     "output_type": "stream",
     "text": [
      "converged SCF energy = -111.199724042755\n"
     ]
    },
    {
     "data": {
      "text/plain": [
       "{'e1': -199.51023958281104, 'e2': 64.3105155400565, 'nuc': 24.0}"
      ]
     },
     "execution_count": 5,
     "metadata": {},
     "output_type": "execute_result"
    }
   ],
   "source": [
    "mf_hf=scf.RHF(CO)\n",
    "mf_hf.scf()\n",
    "mf_hf.scf_summary"
   ]
  },
  {
   "cell_type": "code",
   "execution_count": 6,
   "id": "4388e293",
   "metadata": {},
   "outputs": [
    {
     "data": {
      "text/plain": [
       "-111.62170128010851"
      ]
     },
     "execution_count": 6,
     "metadata": {},
     "output_type": "execute_result"
    }
   ],
   "source": [
    "mf.e_tot"
   ]
  },
  {
   "cell_type": "code",
   "execution_count": 7,
   "id": "dd4bccf4",
   "metadata": {},
   "outputs": [
    {
     "name": "stdout",
     "output_type": "stream",
     "text": [
      "['DIIS', '__call__', '__class__', '__delattr__', '__dict__', '__dir__', '__doc__', '__eq__', '__format__', '__ge__', '__getattribute__', '__gt__', '__hash__', '__init__', '__init_subclass__', '__le__', '__lt__', '__module__', '__ne__', '__new__', '__reduce__', '__reduce_ex__', '__repr__', '__setattr__', '__sizeof__', '__str__', '__subclasshook__', '__weakref__', '_chkfile', '_eigh', '_eri', '_finalize', '_is_mem_enough', '_keys', '_method_name', '_numint', '_t0', '_w0', 'add_keys', 'analyze', 'apply', 'as_scanner', 'build', 'callback', 'canonicalize', 'check_convergence', 'check_sanity', 'chkfile', 'conv_check', 'conv_tol', 'conv_tol_grad', 'converged', 'convert_from_', 'damp', 'damp_factor', 'define_xc_', 'density_fit', 'diis', 'diis_file', 'diis_space', 'diis_space_rollback', 'diis_start_cycle', 'dip_moment', 'direct_scf', 'direct_scf_tol', 'dump_chk', 'dump_flags', 'dump_scf_summary', 'e_tot', 'eig', 'energy_elec', 'energy_nuc', 'energy_tot', 'from_chk', 'get_fock', 'get_grad', 'get_hcore', 'get_init_guess', 'get_j', 'get_jk', 'get_k', 'get_occ', 'get_ovlp', 'get_veff', 'get_vsap', 'grids', 'hf_energy', 'init_direct_scf', 'init_guess', 'init_guess_by_1e', 'init_guess_by_atom', 'init_guess_by_chkfile', 'init_guess_by_huckel', 'init_guess_by_minao', 'init_guess_by_vsap', 'initialize_grids', 'kernel', 'level_shift', 'level_shift_factor', 'make_rdm1', 'make_rdm2', 'max_cycle', 'max_memory', 'mo_coeff', 'mo_energy', 'mo_occ', 'mol', 'mulliken_meta', 'mulliken_pop', 'mulliken_pop_meta_lowdin_ao', 'newton', 'nlc', 'nlcgrids', 'nuc_grad_method', 'omega', 'opt', 'pop', 'post_kernel', 'pre_kernel', 'remove_soscf', 'reset', 'run', 'scf', 'scf_summary', 'set', 'sfx2c1e', 'small_rho_cutoff', 'spin_square', 'stability', 'stdout', 'to_ghf', 'to_gks', 'to_hf', 'to_ks', 'to_rhf', 'to_rks', 'to_uhf', 'to_uks', 'update', 'update_', 'update_from_chk', 'update_from_chk_', 'verbose', 'view', 'x2c', 'x2c1e', 'xc']\n"
     ]
    },
    {
     "data": {
      "text/plain": [
       "(None,\n",
       " {'mol': <pyscf.gto.mole.Mole at 0x7fef217f98b0>,\n",
       "  'verbose': 3,\n",
       "  'max_memory': 4000,\n",
       "  'stdout': <ipykernel.iostream.OutStream at 0x7fef5b3b9ee0>,\n",
       "  '_chkfile': <tempfile._TemporaryFileWrapper at 0x7fef217f9f40>,\n",
       "  'chkfile': '/home/giorgio/Supplementary_code_for_Quantum_Alchemy/Alchemical_CPKS_perturbator/tmpqmwx3gva',\n",
       "  'mo_energy': array([-19.15794687, -10.09719678,  -1.21351233,  -0.49859649,\n",
       "          -0.45243652,  -0.45243652,  -0.27942261,   0.12969976,\n",
       "           0.12969976,   0.86796355]),\n",
       "  'mo_coeff': array([[ 3.34634493e-04,  9.92063614e-01, -1.42141926e-01,\n",
       "           1.53812336e-01,  6.52513022e-16, -3.21729860e-16,\n",
       "          -1.80129820e-01,  1.11101821e-16, -5.09377742e-17,\n",
       "          -1.12960540e-01],\n",
       "         [-1.25844621e-02,  3.31551665e-02,  2.19844148e-01,\n",
       "          -4.67854881e-01, -1.80650278e-15,  9.96326873e-16,\n",
       "           8.31622896e-01, -5.31681084e-16,  2.71468389e-16,\n",
       "           1.12054602e+00],\n",
       "         [ 2.75881413e-17, -1.06943371e-19,  1.09753480e-16,\n",
       "           1.19351306e-15, -3.66924779e-02,  4.60334779e-01,\n",
       "          -1.44859419e-16, -1.97916917e-01,  9.14725962e-01,\n",
       "          -3.37757195e-16],\n",
       "         [ 2.32013274e-16,  3.30295462e-18, -2.73355407e-16,\n",
       "          -2.97593441e-15,  4.60334779e-01,  3.66924779e-02,\n",
       "           1.14526827e-17,  9.14725962e-01,  1.97916917e-01,\n",
       "           8.63339728e-17],\n",
       "         [-1.01995697e-02,  9.26870624e-03,  1.80067433e-01,\n",
       "          -8.61417390e-02, -1.13191499e-15,  2.88033388e-16,\n",
       "          -5.37643490e-01,  5.00531015e-17,  6.16374333e-17,\n",
       "           1.34463535e+00],\n",
       "         [ 9.93315630e-01, -3.27648634e-04, -2.20415217e-01,\n",
       "          -1.42047047e-01, -9.63356979e-16,  2.85402860e-16,\n",
       "           9.03848093e-03, -3.37688033e-16, -9.53405536e-18,\n",
       "           1.33657897e-01],\n",
       "         [ 3.36860029e-02, -1.01670382e-02,  7.34402366e-01,\n",
       "           6.92816184e-01,  4.22464383e-15, -1.50049827e-15,\n",
       "          -1.37824978e-02,  6.59316014e-16, -9.21028525e-17,\n",
       "          -1.27889954e+00],\n",
       "         [-4.13070746e-20, -1.71117257e-19, -7.23847573e-18,\n",
       "           1.76721035e-15, -6.07565201e-02,  7.62236318e-01,\n",
       "           2.03725253e-16,  1.50199184e-01, -6.94185698e-01,\n",
       "           1.11377110e-17],\n",
       "         [-1.12034562e-19, -9.03894126e-19, -4.18289756e-17,\n",
       "          -3.84554134e-15,  7.62236318e-01,  6.07565201e-02,\n",
       "          -1.00869874e-15, -6.94185698e-01, -1.50199184e-01,\n",
       "           2.71845842e-17],\n",
       "         [-9.15831603e-03,  9.99881414e-04, -2.80076952e-01,\n",
       "           6.54224373e-01,  4.00037672e-15, -1.35521722e-15,\n",
       "           4.10296278e-01,  1.18245387e-16,  1.63217712e-16,\n",
       "           1.01863909e+00]]),\n",
       "  'mo_occ': array([2., 2., 2., 2., 2., 2., 2., 0., 0., 0.]),\n",
       "  'e_tot': -111.62170128010851,\n",
       "  'converged': True,\n",
       "  'callback': None,\n",
       "  'scf_summary': {'e1': -199.41622941625042,\n",
       "   'coul': 77.70084988123745,\n",
       "   'exc': -13.906321745095541,\n",
       "   'nuc': 24.0},\n",
       "  'opt': None,\n",
       "  '_eri': array([3.54194813, 0.57692129, 0.11188812, ..., 0.        , 0.        ,\n",
       "         0.88015909]),\n",
       "  '_keys': {'DIIS',\n",
       "   '_chkfile',\n",
       "   '_eri',\n",
       "   'callback',\n",
       "   'chkfile',\n",
       "   'conv_check',\n",
       "   'conv_tol',\n",
       "   'conv_tol_grad',\n",
       "   'converged',\n",
       "   'damp',\n",
       "   'diis',\n",
       "   'diis_file',\n",
       "   'diis_space',\n",
       "   'diis_space_rollback',\n",
       "   'diis_start_cycle',\n",
       "   'direct_scf',\n",
       "   'direct_scf_tol',\n",
       "   'e_tot',\n",
       "   'grids',\n",
       "   'init_guess',\n",
       "   'level_shift',\n",
       "   'max_cycle',\n",
       "   'max_memory',\n",
       "   'mo_coeff',\n",
       "   'mo_energy',\n",
       "   'mo_occ',\n",
       "   'mol',\n",
       "   'nlc',\n",
       "   'nlcgrids',\n",
       "   'omega',\n",
       "   'opt',\n",
       "   'scf_summary',\n",
       "   'small_rho_cutoff',\n",
       "   'stdout',\n",
       "   'verbose',\n",
       "   'xc'},\n",
       "  'xc': 'PBE0',\n",
       "  'nlc': '',\n",
       "  'grids': <pyscf.dft.gen_grid.Grids at 0x7fef5b460130>,\n",
       "  'nlcgrids': <pyscf.dft.gen_grid.Grids at 0x7fef217911f0>,\n",
       "  'small_rho_cutoff': 1e-07,\n",
       "  '_numint': <pyscf.dft.numint.NumInt at 0x7fef21791220>,\n",
       "  '_t0': 8.151260274,\n",
       "  '_w0': 25220.693693815})"
      ]
     },
     "execution_count": 7,
     "metadata": {},
     "output_type": "execute_result"
    }
   ],
   "source": [
    "print(dir(mf)),vars(mf)"
   ]
  },
  {
   "cell_type": "code",
   "execution_count": 8,
   "id": "9fc8bb77",
   "metadata": {},
   "outputs": [
    {
     "data": {
      "text/plain": [
       "{'e1': -199.41622941625042,\n",
       " 'coul': 77.70084988123745,\n",
       " 'exc': -13.906321745095541,\n",
       " 'nuc': 24.0}"
      ]
     },
     "execution_count": 8,
     "metadata": {},
     "output_type": "execute_result"
    }
   ],
   "source": [
    "summary=dict(mf.scf_summary)\n",
    "summary"
   ]
  },
  {
   "cell_type": "code",
   "execution_count": 9,
   "id": "e9b9122f",
   "metadata": {},
   "outputs": [
    {
     "data": {
      "text/plain": [
       "(-111.62170128010851, -111.62170128010851)"
      ]
     },
     "execution_count": 9,
     "metadata": {},
     "output_type": "execute_result"
    }
   ],
   "source": [
    "sum(summary.values()) ,mf.e_tot"
   ]
  },
  {
   "cell_type": "code",
   "execution_count": 10,
   "id": "9c65ff9b",
   "metadata": {},
   "outputs": [
    {
     "data": {
      "text/plain": [
       "(0.0, 0.25, 0.25)"
      ]
     },
     "execution_count": 10,
     "metadata": {},
     "output_type": "execute_result"
    }
   ],
   "source": [
    "ni=mf._numint\n",
    "omega, alpha, hyb = ni.rsh_and_hybrid_coeff(mf.xc, spin=mf.mol.spin)\n",
    "omega, alpha, hyb"
   ]
  },
  {
   "cell_type": "code",
   "execution_count": 11,
   "id": "d6e10453",
   "metadata": {},
   "outputs": [],
   "source": [
    "#P=CC^T\n",
    "C=mf.mo_coeff\n",
    "Pc=2*C[:,:7].dot(C.T[:7,:])\n",
    "P0=mf.make_rdm1()\n"
   ]
  },
  {
   "cell_type": "code",
   "execution_count": 12,
   "id": "1772c2e5",
   "metadata": {},
   "outputs": [
    {
     "data": {
      "text/plain": [
       "array([[0., 0., 0., 0., 0., 0., 0., 0., 0., 0.],\n",
       "       [0., 0., 0., 0., 0., 0., 0., 0., 0., 0.],\n",
       "       [0., 0., 0., 0., 0., 0., 0., 0., 0., 0.],\n",
       "       [0., 0., 0., 0., 0., 0., 0., 0., 0., 0.],\n",
       "       [0., 0., 0., 0., 0., 0., 0., 0., 0., 0.],\n",
       "       [0., 0., 0., 0., 0., 0., 0., 0., 0., 0.],\n",
       "       [0., 0., 0., 0., 0., 0., 0., 0., 0., 0.],\n",
       "       [0., 0., 0., 0., 0., 0., 0., 0., 0., 0.],\n",
       "       [0., 0., 0., 0., 0., 0., 0., 0., 0., 0.],\n",
       "       [0., 0., 0., 0., 0., 0., 0., 0., 0., 0.]])"
      ]
     },
     "execution_count": 12,
     "metadata": {},
     "output_type": "execute_result"
    }
   ],
   "source": [
    "P0-Pc"
   ]
  },
  {
   "cell_type": "code",
   "execution_count": 13,
   "id": "602ffca8",
   "metadata": {},
   "outputs": [],
   "source": [
    "J,K=mf.get_jk()\n",
    "h1=mf.get_hcore()\n",
    "F=mf.get_fock()"
   ]
  },
  {
   "cell_type": "code",
   "execution_count": 14,
   "id": "ca41b33d",
   "metadata": {},
   "outputs": [
    {
     "data": {
      "text/plain": [
       "(-199.41622941625042, -199.4162294162504)"
      ]
     },
     "execution_count": 14,
     "metadata": {},
     "output_type": "execute_result"
    }
   ],
   "source": [
    "summary[\"e1\"],np.einsum(\"ij,ij\",h1,P0)"
   ]
  },
  {
   "cell_type": "code",
   "execution_count": 15,
   "id": "ae20bfc1",
   "metadata": {},
   "outputs": [
    {
     "data": {
      "text/plain": [
       "(77.70084988123745, 77.70084988123745)"
      ]
     },
     "execution_count": 15,
     "metadata": {},
     "output_type": "execute_result"
    }
   ],
   "source": [
    "summary[\"coul\"],np.einsum(\"ij,ij\",J,P0)/2 # it is the HF Coulomb operator "
   ]
  },
  {
   "cell_type": "code",
   "execution_count": 16,
   "id": "7bdcfdb2",
   "metadata": {},
   "outputs": [
    {
     "data": {
      "text/plain": [
       "(-13.906321745095541, -13.481304665613118)"
      ]
     },
     "execution_count": 16,
     "metadata": {},
     "output_type": "execute_result"
    }
   ],
   "source": [
    "summary[\"exc\"],-np.einsum(\"ij,ij\",K,P0)/4"
   ]
  },
  {
   "cell_type": "code",
   "execution_count": 17,
   "id": "168cf70a",
   "metadata": {},
   "outputs": [
    {
     "data": {
      "text/plain": [
       "(77.70084988123745, 77.70084988123745)"
      ]
     },
     "execution_count": 17,
     "metadata": {},
     "output_type": "execute_result"
    }
   ],
   "source": [
    "V_eff=mf.get_veff()\n",
    "np.einsum(\"ij,ij\",V_eff.vj,P0)/2,summary[\"coul\"]#+summary[\"exc\"]"
   ]
  },
  {
   "cell_type": "code",
   "execution_count": 18,
   "id": "ff6ecdb3",
   "metadata": {},
   "outputs": [
    {
     "data": {
      "text/plain": [
       "{'ecoul': 77.70084988123745,\n",
       " 'exc': -13.906321745095541,\n",
       " 'vj': array([[ 1.42929289e+01,  2.91199997e+00, -8.01264724e-18,\n",
       "          5.09709903e-17,  1.14185217e-01,  2.59041906e-04,\n",
       "          7.12136093e-01, -1.90872055e-19,  2.99232187e-18,\n",
       "         -1.17494979e+00],\n",
       "        [ 2.91199997e+00,  7.83772966e+00, -4.52159388e-17,\n",
       "          2.75571801e-16,  1.10445102e+00,  8.18071600e-01,\n",
       "          4.22002654e+00, -1.43146809e-17,  9.34700297e-17,\n",
       "         -3.51062467e+00],\n",
       "        [-8.01264724e-18, -4.52159388e-17,  7.57890600e+00,\n",
       "         -4.09394125e-17,  2.66159794e-17, -5.48186936e-19,\n",
       "         -9.03033560e-18,  2.38922158e+00, -2.40078629e-18,\n",
       "          5.07220030e-18],\n",
       "        [ 5.09709903e-17,  2.75571801e-16, -4.09394125e-17,\n",
       "          7.57890600e+00, -3.26209552e-17,  1.86282870e-18,\n",
       "          8.14649462e-17, -2.40078629e-18,  2.38922158e+00,\n",
       "         -8.06973038e-17],\n",
       "        [ 1.14185217e-01,  1.10445102e+00,  2.66159794e-17,\n",
       "         -3.26209552e-17,  8.33570358e+00,  1.40677875e+00,\n",
       "          5.07687161e+00, -1.78424451e-17,  1.08523033e-16,\n",
       "         -3.29711317e+00],\n",
       "        [ 2.59041906e-04,  8.18071600e-01, -5.48186936e-19,\n",
       "          1.86282870e-18,  1.40677875e+00,  1.90084748e+01,\n",
       "          3.66429580e+00, -1.32068416e-17,  3.83202567e-17,\n",
       "         -5.03511414e-02],\n",
       "        [ 7.12136093e-01,  4.22002654e+00, -9.03033560e-18,\n",
       "          8.14649462e-17,  5.07687161e+00,  3.66429580e+00,\n",
       "          9.85319831e+00, -6.02775928e-17,  2.42652458e-16,\n",
       "         -6.29502386e-01],\n",
       "        [-1.90872055e-19, -1.43146809e-17,  2.38922158e+00,\n",
       "         -2.40078629e-18, -1.78424451e-17, -1.32068416e-17,\n",
       "         -6.02775928e-17,  9.72325328e+00,  2.93696158e-17,\n",
       "         -2.21214536e-17],\n",
       "        [ 2.99232187e-18,  9.34700297e-17, -2.40078629e-18,\n",
       "          2.38922158e+00,  1.08523033e-16,  3.83202567e-17,\n",
       "          2.42652458e-16,  2.93696158e-17,  9.72325328e+00,\n",
       "          6.27117118e-18],\n",
       "        [-1.17494979e+00, -3.51062467e+00,  5.07220030e-18,\n",
       "         -8.06973038e-17, -3.29711317e+00, -5.03511414e-02,\n",
       "         -6.29502386e-01, -2.21214536e-17,  6.27117118e-18,\n",
       "          1.00863213e+01]]),\n",
       " 'vk': array([[ 1.80179680e+00,  3.08138989e-01, -5.97698281e-19,\n",
       "          1.48500407e-18,  4.67633055e-03,  3.51762312e-04,\n",
       "          7.77347113e-02, -3.47751609e-20, -1.96094261e-19,\n",
       "         -1.25407259e-01],\n",
       "        [ 3.08138989e-01,  4.66081990e-01, -1.49507966e-17,\n",
       "          1.42767884e-16,  4.27384962e-02,  9.58346976e-02,\n",
       "          2.89671758e-01,  2.15154483e-17,  1.01893215e-17,\n",
       "         -2.16776109e-01],\n",
       "        [-5.97698281e-19, -1.49507966e-17,  2.34708382e-01,\n",
       "         -1.04127359e-16,  7.04069611e-17,  5.41116137e-18,\n",
       "          2.06397892e-17,  1.91519707e-01, -3.53944319e-17,\n",
       "         -3.30112442e-17],\n",
       "        [ 1.48500407e-18,  1.42767884e-16, -1.04127359e-16,\n",
       "          2.34708382e-01, -1.21128172e-16,  3.48093256e-17,\n",
       "         -1.07036324e-17, -3.39768499e-17,  1.91519707e-01,\n",
       "         -2.68021638e-17],\n",
       "        [ 4.67633055e-03,  4.27384962e-02,  7.04069611e-17,\n",
       "         -1.21128172e-16,  4.33656156e-01,  1.62001870e-01,\n",
       "          3.34520092e-01,  4.83347073e-18,  3.50373591e-17,\n",
       "         -1.86971875e-01],\n",
       "        [ 3.51762312e-04,  9.58346976e-02,  5.41116137e-18,\n",
       "          3.48093256e-17,  1.62001870e-01,  2.44215964e+00,\n",
       "          4.11643364e-01, -1.57424041e-20, -2.28217495e-17,\n",
       "         -3.24584673e-03],\n",
       "        [ 7.77347113e-02,  2.89671758e-01,  2.06397892e-17,\n",
       "         -1.07036324e-17,  3.34520092e-01,  4.11643364e-01,\n",
       "          6.60104957e-01, -3.18382324e-17,  1.14957154e-16,\n",
       "         -1.34189181e-02],\n",
       "        [-3.47751609e-20,  2.15154483e-17,  1.91519707e-01,\n",
       "         -3.39768499e-17,  4.83347073e-18, -1.57424041e-20,\n",
       "         -3.18382324e-17,  4.65118255e-01,  6.71899411e-17,\n",
       "         -5.16339053e-17],\n",
       "        [-1.96094261e-19,  1.01893215e-17, -3.53944319e-17,\n",
       "          1.91519707e-01,  3.50373591e-17, -2.28217495e-17,\n",
       "          1.14957154e-16,  6.71899411e-17,  4.65118255e-01,\n",
       "          5.04751227e-17],\n",
       "        [-1.25407259e-01, -2.16776109e-01, -3.30112442e-17,\n",
       "         -2.68021638e-17, -1.86971875e-01, -3.24584673e-03,\n",
       "         -1.34189181e-02, -5.16339053e-17,  5.04751227e-17,\n",
       "          5.57751651e-01]])}"
      ]
     },
     "execution_count": 18,
     "metadata": {},
     "output_type": "execute_result"
    }
   ],
   "source": [
    "vars(V_eff)"
   ]
  },
  {
   "cell_type": "code",
   "execution_count": 19,
   "id": "d7373e0f",
   "metadata": {},
   "outputs": [
    {
     "data": {
      "text/plain": [
       "(-135.11313705103996, -13.906321745095541, -13.906321745095541)"
      ]
     },
     "execution_count": 19,
     "metadata": {},
     "output_type": "execute_result"
    }
   ],
   "source": [
    "-np.einsum(\"ij,ji\",V_eff,P0),summary[\"exc\"],V_eff.exc"
   ]
  },
  {
   "cell_type": "code",
   "execution_count": 20,
   "id": "348b2acf",
   "metadata": {},
   "outputs": [
    {
     "data": {
      "text/plain": [
       "(-3.3703261664032795,\n",
       " -135.11313705103996,\n",
       " -135.6217012801085,\n",
       " -13.906321745095541)"
      ]
     },
     "execution_count": 20,
     "metadata": {},
     "output_type": "execute_result"
    }
   ],
   "source": [
    "-np.einsum(\"ij,ji\",V_eff.vk,P0)/4,-np.einsum(\"ij,ji\",V_eff,P0), summary[\"e1\"]+summary[\"coul\"]+summary[\"exc\"],summary[\"exc\"]"
   ]
  },
  {
   "cell_type": "code",
   "execution_count": 21,
   "id": "827721b7",
   "metadata": {},
   "outputs": [],
   "source": [
    "ni=mf._numint"
   ]
  },
  {
   "cell_type": "code",
   "execution_count": 22,
   "id": "f45eb146",
   "metadata": {},
   "outputs": [
    {
     "data": {
      "text/plain": [
       "(14.000000148684354,\n",
       " -10.535995578692262,\n",
       " array([[-1.71996375e+00, -2.41057629e-01,  3.25260652e-18,\n",
       "         -4.28259858e-18,  2.70071249e-04, -1.58760958e-05,\n",
       "         -5.83843075e-02,  2.24971951e-18,  2.78504433e-18,\n",
       "          9.65667079e-02],\n",
       "        [-2.41057629e-01, -4.50376033e-01,  1.01684611e-16,\n",
       "         -5.06322415e-17, -3.87927154e-02, -7.12940610e-02,\n",
       "         -2.46664657e-01, -6.05797964e-18, -1.27935856e-17,\n",
       "          1.99171887e-01],\n",
       "        [ 3.25260652e-18,  1.01684611e-16, -4.19073117e-01,\n",
       "          1.97324795e-17, -1.26851654e-17,  2.68255334e-18,\n",
       "         -7.98243849e-18, -1.31797807e-01,  9.11407451e-19,\n",
       "          2.42319186e-17],\n",
       "        [-4.28259858e-18, -5.06322415e-17,  1.97324795e-17,\n",
       "         -4.19073117e-01,  1.36609474e-17,  2.53432258e-18,\n",
       "         -3.79470760e-18,  1.69575996e-18, -1.31797807e-01,\n",
       "          2.19008839e-17],\n",
       "        [ 2.70071249e-04, -3.87927154e-02, -1.26851654e-17,\n",
       "          1.36609474e-17, -5.01561204e-01, -1.23010517e-01,\n",
       "         -3.01330458e-01, -2.36356074e-17, -6.83047369e-18,\n",
       "          1.84391856e-01],\n",
       "        [-1.58760958e-05, -7.12940610e-02,  2.68255334e-18,\n",
       "          2.53432258e-18, -1.23010517e-01, -2.31969942e+00,\n",
       "         -3.14861945e-01,  1.95156391e-18, -2.16840434e-19,\n",
       "         -8.61872183e-04],\n",
       "        [-5.83843075e-02, -2.46664657e-01, -7.98243849e-18,\n",
       "         -3.79470760e-18, -3.01330458e-01, -3.14861945e-01,\n",
       "         -6.14497750e-01,  4.42354486e-17, -5.09575021e-17,\n",
       "          1.50401717e-02],\n",
       "        [ 2.24971951e-18, -6.05797964e-18, -1.31797807e-01,\n",
       "          1.69575996e-18, -2.36356074e-17,  1.95156391e-18,\n",
       "          4.42354486e-17, -5.99316379e-01,  7.58941521e-18,\n",
       "          1.36609474e-17],\n",
       "        [ 2.78504433e-18, -1.27935856e-17,  9.11407451e-19,\n",
       "         -1.31797807e-01, -6.83047369e-18, -2.16840434e-19,\n",
       "         -5.09575021e-17,  7.58941521e-18, -5.99316379e-01,\n",
       "         -1.00830802e-17],\n",
       "        [ 9.65667079e-02,  1.99171887e-01,  2.42319186e-17,\n",
       "          2.19008839e-17,  1.84391856e-01, -8.61872183e-04,\n",
       "          1.50401717e-02,  1.36609474e-17, -1.00830802e-17,\n",
       "         -6.30201466e-01]]))"
      ]
     },
     "execution_count": 22,
     "metadata": {},
     "output_type": "execute_result"
    }
   ],
   "source": [
    "ks=mf\n",
    "mol=CO\n",
    "dm=P0\n",
    "n, exc, vxc = ni.nr_rks(mol, ks.grids, ks.xc, dm)\n",
    "n, exc, vxc "
   ]
  },
  {
   "cell_type": "code",
   "execution_count": 23,
   "id": "1c4cf5c8",
   "metadata": {},
   "outputs": [
    {
     "data": {
      "text/plain": [
       "-10.160932783971273"
      ]
     },
     "execution_count": 23,
     "metadata": {},
     "output_type": "execute_result"
    }
   ],
   "source": [
    "np.einsum('ij,ji', dm, vxc).real *3/4"
   ]
  },
  {
   "cell_type": "code",
   "execution_count": 24,
   "id": "1f7081b6",
   "metadata": {},
   "outputs": [
    {
     "data": {
      "text/plain": [
       "(-10.535995578692262, -13.906321745095541)"
      ]
     },
     "execution_count": 24,
     "metadata": {},
     "output_type": "execute_result"
    }
   ],
   "source": [
    "exc,exc- np.einsum('ij,ji', dm, V_eff.vk).real * .5 * .5"
   ]
  },
  {
   "cell_type": "code",
   "execution_count": 25,
   "id": "7cc02719",
   "metadata": {},
   "outputs": [
    {
     "data": {
      "text/plain": [
       "(0.0, 0.25, 0.25)"
      ]
     },
     "execution_count": 25,
     "metadata": {},
     "output_type": "execute_result"
    }
   ],
   "source": [
    "omega, alpha, hyb = ni.rsh_and_hybrid_coeff(ks.xc, spin=mol.spin)\n",
    "omega, alpha,hyb"
   ]
  },
  {
   "cell_type": "code",
   "execution_count": 26,
   "id": "84f3d22b",
   "metadata": {},
   "outputs": [
    {
     "data": {
      "text/plain": [
       "True"
      ]
     },
     "execution_count": 26,
     "metadata": {},
     "output_type": "execute_result"
    }
   ],
   "source": [
    "ks.direct_scf"
   ]
  },
  {
   "cell_type": "code",
   "execution_count": 27,
   "id": "325cac74",
   "metadata": {},
   "outputs": [
    {
     "data": {
      "text/plain": [
       "(True, 'GGA')"
      ]
     },
     "execution_count": 27,
     "metadata": {},
     "output_type": "execute_result"
    }
   ],
   "source": [
    "xctype=ni._xc_type(mf.xc)\n",
    "ni.libxc.is_hybrid_xc(ks.xc),ni._xc_type(mf.xc)"
   ]
  },
  {
   "cell_type": "code",
   "execution_count": 28,
   "id": "84e13494",
   "metadata": {},
   "outputs": [
    {
     "data": {
      "text/plain": [
       "(True, True)"
      ]
     },
     "execution_count": 28,
     "metadata": {},
     "output_type": "execute_result"
    }
   ],
   "source": [
    "np.allclose(ks.get_j(CO,P0),mf_hf.get_jk(CO,P0)[0]),np.allclose(ks.get_jk(CO,P0)[1],mf_hf.get_jk(CO,P0)[1])"
   ]
  },
  {
   "cell_type": "code",
   "execution_count": 29,
   "id": "75444f24",
   "metadata": {},
   "outputs": [
    {
     "data": {
      "text/plain": [
       "(<bound method RHF.get_jk of RHF object of <class 'pyscf.scf.hf.RHF'>>,\n",
       " <bound method RHF.get_jk of RKS object of <class 'pyscf.dft.rks.RKS'>>)"
      ]
     },
     "execution_count": 29,
     "metadata": {},
     "output_type": "execute_result"
    }
   ],
   "source": [
    "mf_hf.get_jk,mf.get_jk"
   ]
  },
  {
   "cell_type": "code",
   "execution_count": 30,
   "id": "02ad1227",
   "metadata": {},
   "outputs": [
    {
     "data": {
      "text/plain": [
       "{'mol': <pyscf.gto.mole.Mole at 0x7fef217f98b0>,\n",
       " 'stdout': <ipykernel.iostream.OutStream at 0x7fef5b3b9ee0>,\n",
       " 'verbose': 3,\n",
       " 'symmetry': False,\n",
       " 'coords': array([[-4.46851140e+00, -4.46851140e+00, -2.37126186e+00],\n",
       "        [-4.78551877e+00, -4.78551877e+00, -2.53948510e+00],\n",
       "        [-4.48132694e+00, -4.48132694e+00, -2.48132694e+00],\n",
       "        ...,\n",
       "        [ 1.00000000e+04,  1.00000000e+04,  1.00000000e+04],\n",
       "        [ 1.00000000e+04,  1.00000000e+04,  1.00000000e+04],\n",
       "        [ 1.00000000e+04,  1.00000000e+04,  1.00000000e+04]]),\n",
       " 'weights': array([1.09499036, 1.38921666, 0.01994748, ..., 0.        , 0.        ,\n",
       "        0.        ]),\n",
       " 'non0tab': array([[ 0, 78, 86,  0, 64, 72],\n",
       "        [ 0, 83, 90,  0, 72, 80],\n",
       "        [ 0, 87, 93,  0, 78, 85],\n",
       "        ...,\n",
       "        [ 0, 83, 90,  0, 72, 80],\n",
       "        [ 0, 78, 86,  0, 66, 74],\n",
       "        [ 0, 70, 78,  0, 57, 65]], dtype=uint8),\n",
       " 'screen_index': array([[ 0, 78, 86,  0, 64, 72],\n",
       "        [ 0, 83, 90,  0, 72, 80],\n",
       "        [ 0, 87, 93,  0, 78, 85],\n",
       "        ...,\n",
       "        [ 0, 83, 90,  0, 72, 80],\n",
       "        [ 0, 78, 86,  0, 66, 74],\n",
       "        [ 0, 70, 78,  0, 57, 65]], dtype=uint8),\n",
       " 'atom_grid': {},\n",
       " '_keys': None,\n",
       " 'level': 3}"
      ]
     },
     "execution_count": 30,
     "metadata": {},
     "output_type": "execute_result"
    }
   ],
   "source": [
    "vars(mf.grids)"
   ]
  },
  {
   "cell_type": "code",
   "execution_count": 31,
   "id": "e31bdfa4",
   "metadata": {},
   "outputs": [
    {
     "data": {
      "text/plain": [
       "array([[-4.46851140e+00, -4.78551877e+00, -4.48132694e+00, ...,\n",
       "         1.00000000e+04,  1.00000000e+04,  1.00000000e+04],\n",
       "       [-4.46851140e+00, -4.78551877e+00, -4.48132694e+00, ...,\n",
       "         1.00000000e+04,  1.00000000e+04,  1.00000000e+04],\n",
       "       [-2.37126186e+00, -2.53948510e+00, -2.48132694e+00, ...,\n",
       "         1.00000000e+04,  1.00000000e+04,  1.00000000e+04]])"
      ]
     },
     "execution_count": 31,
     "metadata": {},
     "output_type": "execute_result"
    }
   ],
   "source": [
    "mf.grids.coords.T[:]"
   ]
  },
  {
   "cell_type": "code",
   "execution_count": 32,
   "id": "f9fe323a",
   "metadata": {},
   "outputs": [
    {
     "data": {
      "text/plain": [
       "(array([ 1910,  1911,  1917, ..., 21074, 21079, 21117]),)"
      ]
     },
     "execution_count": 32,
     "metadata": {},
     "output_type": "execute_result"
    }
   ],
   "source": [
    "gv=np.where(np.array([np.linalg.norm(x) for x in mf.grids.coords])<2)\n",
    "gv"
   ]
  },
  {
   "cell_type": "code",
   "execution_count": 33,
   "id": "7cea098e",
   "metadata": {},
   "outputs": [],
   "source": [
    "gcs=mf.grids.coords[gv][::10,:]"
   ]
  },
  {
   "cell_type": "code",
   "execution_count": 34,
   "id": "eeed5f95",
   "metadata": {},
   "outputs": [
    {
     "data": {
      "text/plain": [
       "(23136, (865, 3))"
      ]
     },
     "execution_count": 34,
     "metadata": {},
     "output_type": "execute_result"
    }
   ],
   "source": [
    "len(ks.grids.weights),gcs.shape"
   ]
  },
  {
   "cell_type": "code",
   "execution_count": 36,
   "id": "1de0a002",
   "metadata": {},
   "outputs": [
    {
     "data": {
      "text/plain": [
       "<function pyscf.dft.numint.eval_ao(mol, coords, deriv=0, shls_slice=None, non0tab=None, cutoff=None, out=None, verbose=None)>"
      ]
     },
     "execution_count": 36,
     "metadata": {},
     "output_type": "execute_result"
    }
   ],
   "source": [
    "ni.block_loop(0,ks.grids)\n",
    "ni.eval_ao"
   ]
  },
  {
   "cell_type": "code",
   "execution_count": 37,
   "id": "0226655b",
   "metadata": {},
   "outputs": [
    {
     "data": {
      "text/plain": [
       "array([[ 6.14288519e+00,  2.15554817e-01,  0.00000000e+00,\n",
       "         0.00000000e+00,  0.00000000e+00,  8.20476263e-12,\n",
       "         5.57535838e-02,  0.00000000e+00,  0.00000000e+00,\n",
       "        -9.24775489e-02]])"
      ]
     },
     "execution_count": 37,
     "metadata": {},
     "output_type": "execute_result"
    }
   ],
   "source": [
    "ni.eval_ao(CO,np.array([[0,0,0]]))#.shape"
   ]
  },
  {
   "cell_type": "code",
   "execution_count": 38,
   "id": "68e5ca13",
   "metadata": {},
   "outputs": [],
   "source": [
    "ao_ong=ni.eval_ao(CO,gcs)"
   ]
  },
  {
   "cell_type": "code",
   "execution_count": 39,
   "id": "a22db320",
   "metadata": {},
   "outputs": [
    {
     "data": {
      "text/plain": [
       "array([-4.46851140e+00, -4.78551877e+00, -4.48132694e+00, ...,\n",
       "        1.00000000e+04,  1.00000000e+04,  1.00000000e+04])"
      ]
     },
     "execution_count": 39,
     "metadata": {},
     "output_type": "execute_result"
    }
   ],
   "source": [
    "ks.grids.coords[:,0]"
   ]
  },
  {
   "cell_type": "code",
   "execution_count": 40,
   "id": "8d5d8def",
   "metadata": {},
   "outputs": [],
   "source": [
    "%matplotlib notebook"
   ]
  },
  {
   "cell_type": "code",
   "execution_count": 41,
   "id": "4036fa68",
   "metadata": {},
   "outputs": [
    {
     "data": {
      "application/javascript": [
       "/* Put everything inside the global mpl namespace */\n",
       "/* global mpl */\n",
       "window.mpl = {};\n",
       "\n",
       "mpl.get_websocket_type = function () {\n",
       "    if (typeof WebSocket !== 'undefined') {\n",
       "        return WebSocket;\n",
       "    } else if (typeof MozWebSocket !== 'undefined') {\n",
       "        return MozWebSocket;\n",
       "    } else {\n",
       "        alert(\n",
       "            'Your browser does not have WebSocket support. ' +\n",
       "                'Please try Chrome, Safari or Firefox ≥ 6. ' +\n",
       "                'Firefox 4 and 5 are also supported but you ' +\n",
       "                'have to enable WebSockets in about:config.'\n",
       "        );\n",
       "    }\n",
       "};\n",
       "\n",
       "mpl.figure = function (figure_id, websocket, ondownload, parent_element) {\n",
       "    this.id = figure_id;\n",
       "\n",
       "    this.ws = websocket;\n",
       "\n",
       "    this.supports_binary = this.ws.binaryType !== undefined;\n",
       "\n",
       "    if (!this.supports_binary) {\n",
       "        var warnings = document.getElementById('mpl-warnings');\n",
       "        if (warnings) {\n",
       "            warnings.style.display = 'block';\n",
       "            warnings.textContent =\n",
       "                'This browser does not support binary websocket messages. ' +\n",
       "                'Performance may be slow.';\n",
       "        }\n",
       "    }\n",
       "\n",
       "    this.imageObj = new Image();\n",
       "\n",
       "    this.context = undefined;\n",
       "    this.message = undefined;\n",
       "    this.canvas = undefined;\n",
       "    this.rubberband_canvas = undefined;\n",
       "    this.rubberband_context = undefined;\n",
       "    this.format_dropdown = undefined;\n",
       "\n",
       "    this.image_mode = 'full';\n",
       "\n",
       "    this.root = document.createElement('div');\n",
       "    this.root.setAttribute('style', 'display: inline-block');\n",
       "    this._root_extra_style(this.root);\n",
       "\n",
       "    parent_element.appendChild(this.root);\n",
       "\n",
       "    this._init_header(this);\n",
       "    this._init_canvas(this);\n",
       "    this._init_toolbar(this);\n",
       "\n",
       "    var fig = this;\n",
       "\n",
       "    this.waiting = false;\n",
       "\n",
       "    this.ws.onopen = function () {\n",
       "        fig.send_message('supports_binary', { value: fig.supports_binary });\n",
       "        fig.send_message('send_image_mode', {});\n",
       "        if (fig.ratio !== 1) {\n",
       "            fig.send_message('set_device_pixel_ratio', {\n",
       "                device_pixel_ratio: fig.ratio,\n",
       "            });\n",
       "        }\n",
       "        fig.send_message('refresh', {});\n",
       "    };\n",
       "\n",
       "    this.imageObj.onload = function () {\n",
       "        if (fig.image_mode === 'full') {\n",
       "            // Full images could contain transparency (where diff images\n",
       "            // almost always do), so we need to clear the canvas so that\n",
       "            // there is no ghosting.\n",
       "            fig.context.clearRect(0, 0, fig.canvas.width, fig.canvas.height);\n",
       "        }\n",
       "        fig.context.drawImage(fig.imageObj, 0, 0);\n",
       "    };\n",
       "\n",
       "    this.imageObj.onunload = function () {\n",
       "        fig.ws.close();\n",
       "    };\n",
       "\n",
       "    this.ws.onmessage = this._make_on_message_function(this);\n",
       "\n",
       "    this.ondownload = ondownload;\n",
       "};\n",
       "\n",
       "mpl.figure.prototype._init_header = function () {\n",
       "    var titlebar = document.createElement('div');\n",
       "    titlebar.classList =\n",
       "        'ui-dialog-titlebar ui-widget-header ui-corner-all ui-helper-clearfix';\n",
       "    var titletext = document.createElement('div');\n",
       "    titletext.classList = 'ui-dialog-title';\n",
       "    titletext.setAttribute(\n",
       "        'style',\n",
       "        'width: 100%; text-align: center; padding: 3px;'\n",
       "    );\n",
       "    titlebar.appendChild(titletext);\n",
       "    this.root.appendChild(titlebar);\n",
       "    this.header = titletext;\n",
       "};\n",
       "\n",
       "mpl.figure.prototype._canvas_extra_style = function (_canvas_div) {};\n",
       "\n",
       "mpl.figure.prototype._root_extra_style = function (_canvas_div) {};\n",
       "\n",
       "mpl.figure.prototype._init_canvas = function () {\n",
       "    var fig = this;\n",
       "\n",
       "    var canvas_div = (this.canvas_div = document.createElement('div'));\n",
       "    canvas_div.setAttribute('tabindex', '0');\n",
       "    canvas_div.setAttribute(\n",
       "        'style',\n",
       "        'border: 1px solid #ddd;' +\n",
       "            'box-sizing: content-box;' +\n",
       "            'clear: both;' +\n",
       "            'min-height: 1px;' +\n",
       "            'min-width: 1px;' +\n",
       "            'outline: 0;' +\n",
       "            'overflow: hidden;' +\n",
       "            'position: relative;' +\n",
       "            'resize: both;' +\n",
       "            'z-index: 2;'\n",
       "    );\n",
       "\n",
       "    function on_keyboard_event_closure(name) {\n",
       "        return function (event) {\n",
       "            return fig.key_event(event, name);\n",
       "        };\n",
       "    }\n",
       "\n",
       "    canvas_div.addEventListener(\n",
       "        'keydown',\n",
       "        on_keyboard_event_closure('key_press')\n",
       "    );\n",
       "    canvas_div.addEventListener(\n",
       "        'keyup',\n",
       "        on_keyboard_event_closure('key_release')\n",
       "    );\n",
       "\n",
       "    this._canvas_extra_style(canvas_div);\n",
       "    this.root.appendChild(canvas_div);\n",
       "\n",
       "    var canvas = (this.canvas = document.createElement('canvas'));\n",
       "    canvas.classList.add('mpl-canvas');\n",
       "    canvas.setAttribute(\n",
       "        'style',\n",
       "        'box-sizing: content-box;' +\n",
       "            'pointer-events: none;' +\n",
       "            'position: relative;' +\n",
       "            'z-index: 0;'\n",
       "    );\n",
       "\n",
       "    this.context = canvas.getContext('2d');\n",
       "\n",
       "    var backingStore =\n",
       "        this.context.backingStorePixelRatio ||\n",
       "        this.context.webkitBackingStorePixelRatio ||\n",
       "        this.context.mozBackingStorePixelRatio ||\n",
       "        this.context.msBackingStorePixelRatio ||\n",
       "        this.context.oBackingStorePixelRatio ||\n",
       "        this.context.backingStorePixelRatio ||\n",
       "        1;\n",
       "\n",
       "    this.ratio = (window.devicePixelRatio || 1) / backingStore;\n",
       "\n",
       "    var rubberband_canvas = (this.rubberband_canvas = document.createElement(\n",
       "        'canvas'\n",
       "    ));\n",
       "    rubberband_canvas.setAttribute(\n",
       "        'style',\n",
       "        'box-sizing: content-box;' +\n",
       "            'left: 0;' +\n",
       "            'pointer-events: none;' +\n",
       "            'position: absolute;' +\n",
       "            'top: 0;' +\n",
       "            'z-index: 1;'\n",
       "    );\n",
       "\n",
       "    // Apply a ponyfill if ResizeObserver is not implemented by browser.\n",
       "    if (this.ResizeObserver === undefined) {\n",
